2000
2052
2105
2159
2215
2272
2331
2391
2453
2516
2581
2648
2716
2787
2859
2932
3008
3086
3166
3247
3331
3417
3506
3596
3689
3785
3882
3983
4086
4191
4300
4411
4525
4642
4762
4885
5011
5140
5273
5409
5549
5693
5840
5991
6145
6304
6467
6634
6806
6981
7162
7347
7537
7732
7931
8136
8346
8562
8783
9010
9243
9482
9727
9978
10236
10501
10772
11051
11336
11629
11930
12238
12554
12878
13211
13553
13903
14262
14631
15009
15396
15794
16202
16621
17051
17491
17943
18407
18883
19371
19871
20385
20911
21452
22006
22575
23158
23756
24370
25000
